1;2;4;6;19;8;19;19;12;19;14;17;1;19;21;false;true
2;2;2;3;3;3;3;3;3;3;3;3;3;3;3;false;true
3;1;1;1;1;1;1;1;1;1;1;1;1;1;1;true;false;
4;5;4;5;5;5;5;5;5;5;5;5;5;5;5;false;true
5;1;1;1;1;1;1;1;1;1;1;1;1;1;1;true;false;
6;6;6;6;7;6;6;6;6;6;6;6;6;6;6;false;true
7;1;1;1;1;1;1;1;1;1;1;1;1;1;1;false;false;
8;20;20;20;20;20;9;20;20;20;20;20;20;20;20;false;true
9;9;9;9;9;9;10;9;9;9;9;9;9;9;9;false;false;
10;9;9;9;9;9;10;11;9;9;9;9;9;9;9;false;false;
11;1;1;1;1;1;1;1;1;1;1;1;1;1;1;false;false;
12;20;20;20;20;20;20;20;20;13;20;20;20;20;20;false;true
13;1;1;1;1;1;1;1;1;1;1;1;1;1;1;false;false;
14;20;20;20;20;20;20;20;20;15;20;16;20;20;20;false;true
15;1;1;1;1;1;1;1;1;1;1;1;1;1;1;false;false;
16;1;1;1;1;1;1;1;1;1;1;1;1;1;1;false;false;
17;20;20;20;20;20;20;20;20;13;20;20;20;20;20;false;true
18;1;1;1;1;1;1;1;1;1;1;1;1;1;1;false;false
19;1;1;1;1;1;1;1;1;1;1;1;1;1;1;false;false
20;1;1;1;1;1;1;1;1;1;1;1;1;1;1;true;false
21;0;0;0;0;0;0;0;0;0;0;0;0;0;0;false;false